	T	rho	B2	P_virial	Sk0	kappa	P_kappa	mu	s2	Sk_max
0	1.0	0.01	3.62957607331	0.0103339710183	0.931203293551	93.1203293551	0.010001	-4.53143035624	-5.31969816887e-05	1.00486282882
1	1.0	0.02	3.62957607331	0.021364653676	0.867790214567	43.3895107284	0.0211321580304	-3.76216088353	-0.000212370228002	1.00993400067
2	1.0	0.03	3.62957607331	0.0331378257475	0.809342193262	26.9780731087	0.0330717758314	-3.27806098511	-0.000476916977114	1.01523019531
3	1.0	0.04	3.62957607331	0.0457028111014	0.755463175521	18.886579388	0.0458680887009	-2.9090999329	-0.00084626919637	1.02075126581
4	1.0	0.05	3.62957607331	0.059112534808	0.705781458548	14.115629171	0.0595708909084	-2.60189987509	-0.00131989676627	1.02649850889
5	1.0	0.06	3.62957607331	0.0734235807973	0.65995051946	10.9991753243	0.0742315624105	-2.33260927703	-0.00189730999567	1.03247067421
6	1.0	0.07	3.62957607331	0.0886962523432	0.617649072498	8.82355817854	0.0899030996902	-2.08844028883	-0.00257806154191	1.03868605747
7	1.0	0.08	3.62957607331	0.104994627009	0.57858055607	7.23225695087	0.106640150369	-1.86170278669	-0.00336174783885	1.0451900156
8	1.0	0.09	3.62957607331	0.122386658079	0.542472216485	6.02746907206	0.124499051247	-1.64738540919	-0.00424800995161	1.0519334213
9	1.0	0.1	3.62957607331	0.140944191817	0.509073920839	5.09073920839	0.143537869472	-1.44201987937	-0.0052365343269	1.0589073678
10	1.0	0.11	3.62957607331	0.160743108032	0.478156805745	4.34688005223	0.163816446526	-1.2430894441	-0.006327052876	1.06610049178
11	1.0	0.12	3.62957607331	0.181863370302	0.449511840024	3.7459320002	0.185396444793	-1.04869574304	-0.00751934309878	1.07367406457
12	1.0	0.13	3.62957607331	0.204389128342	0.422948362115	3.25344893935	0.208341396443	-0.857359424021	-0.00881322786939	1.08148124889
13	1.0	0.14	3.62957607331	0.228408798317	0.398292634683	2.8449473906	0.232716754444	-0.667894807591	-0.0102085751549	1.08950413631
14	1.0	0.15	3.62957607331	0.25401523503	0.375386446739	2.50257631159	0.258589945479	-0.479327851657	-0.0117052973568	1.09776410746
15	1.0	0.16	3.62957607331	0.281305724202	0.354085782166	2.21303613854	0.286030424609	-0.29084060171	-0.0133033511426	1.10644988743
16	1.0	0.17	3.62957607331	0.310382218994	0.33425956814	1.96623275376	0.31510973152	-0.101732476161	-0.0150027364918	1.11534250436
17	1.0	0.18	3.62957607331	0.341351390866	0.315788508429	1.75438060238	0.345901548181	0.0886074009239	-0.0168034963	1.12441380001
18	1.0	0.19	3.62957607331	0.37432474749	0.298564004641	1.57138949811	0.378481757802	0.280720405429	-0.0187057157821	1.13386611609
19	1.0	0.2	3.62957607331	0.409418859538	0.28248716458	1.4124358229	0.412928504934	0.475093454546	-0.0207095215568	1.14366359466
20	1.0	0.21	3.62957607331	0.446755325348	0.267467894378	1.2736566399	0.449322256614	0.672170399168	-0.0228150815737	1.15361859717
21	1.0	0.22	3.62957607331	0.486461051382	0.253424071316	1.15192759689	0.48774586442	0.872360779894	-0.0250226040988	1.16377627359
22	1.0	0.23	3.62957607331	0.528668402849	0.240280791673	1.04469909423	0.528284627329	1.07604665245	-0.0273323371428	1.17451262393
23	1.0	0.24	3.62957607331	0.573515182414	0.227969688463	0.949873701928	0.571026355285	1.28358797485	-0.0297445684776	1.18537965019
24	1.0	0.25	3.62957607331	0.621144965012	0.216428314207	0.865713256827	0.61606143339	1.49532690257	-0.0322596245847	1.19632996954
25	1.0	0.26	3.62957607331	0.671707136989	0.205599582654	0.790767625592	0.663482886591	1.71159125311	-0.03487787058	1.2079358247
26	1.0	0.27	3.62957607331	0.725357040235	0.195431264746	0.723819499059	0.713386444831	1.93269732343	-0.0375997098582	1.21974487415
27	1.0	0.28	3.62957607331	0.782256217418	0.185875533842	0.663841192295	0.765870608553	2.15895220062	-0.0404255834632	1.23159676043
28	1.0	0.29	3.62957607331	0.842572469589	0.176888555404	0.609960535876	0.821036714495	2.39065567387	-0.0433559700967	1.24398446619
29	1.0	0.3	3.62957607331	0.906480042284	0.168430117102	0.561433723672	0.87898900174	2.62810182567	-0.0463913857621	1.25676930498
30	1.0	0.31	3.62957607331	0.97415974286	0.160463295278	0.517623533154	0.939834677935	2.87158036632	-0.0495323836655	1.26955032547
31	1.0	0.32	3.62957607331	1.0457991631	0.15295415426	0.477981732063	1.00368398566	3.12137775881	-0.0527795538156	1.28271793967
32	1.0	0.33	3.62957607331	1.12159286832	0.145871475174	0.442034773253	1.0706502689	3.37777817345	-0.0561335227583	1.29651793761
33	1.0	0.34	3.62957607331	1.20174235115	0.139186511215	0.409372091808	1.14085003955	3.64106430449	-0.059594954098	1.31026099401
34	1.0	0.35	3.62957607331	1.28645638924	0.132872766974	0.379636477068	1.21440304409	3.91151806736	-0.063164547743	1.32420589251
35	1.0	0.36	3.62957607331	1.37595120414	0.126905799105	0.352516108624	1.29143233012	4.18942120136	-0.0668430398064	1.33906768117
36	1.0	0.37	3.62957607331	1.47045037582	0.121263036205	0.32773793569	1.37206431314	4.47505579438	-0.0706312033183	1.35381251195
37	1.0	0.38	3.62957607331	1.57018538317	0.115923616199	0.305062147892	1.45642884319	4.76870473472	-0.0745298469163	1.3685294444
38	1.0	0.39	3.62957607331	1.67539537854	0.110868239043	0.284277536008	1.54465927164	5.07065211336	-0.0785398160348	1.38450848575
39	1.0	0.4	3.62957607331	1.7863275918	0.106079033594	0.265197583985	1.63689251802	5.38118357301	-0.0826619920485	1.40030311485
40	1.0	0.41	3.62957607331	1.90323745761	0.101539436952	0.247657163297	1.73326913694	5.70058661946	-0.0868972923178	1.41580303455
41	1.0	0.42	3.62957607331	2.02638870461	0.0972340850982	0.231509726424	1.83393338512	6.02915089948	-0.0912466703568	1.43294368786
42	1.0	0.43	3.62957607331	2.15605351799	0.0931487137131	0.216624915612	1.93903328859	6.36716844929	-0.0957111157583	1.44984592178
43	1.0	0.44	3.62957607331	2.29251277746	0.0892700681453	0.202886518512	2.04872071006	6.71493391811	-0.100291653858	1.4663618226
44	1.0	0.45	3.62957607331	2.43605622023	0.0855858216006	0.190190714668	2.16315141657	7.07274477186	-0.104989345632	1.48448959302
45	1.0	0.46	3.62957607331	2.58698253965	0.0820845007386	0.178444566823	2.28248514736	7.44090148018	-0.109805287799	1.50256866799
46	1.0	0.47	3.62957607331	2.74559955526	0.0787554179696	0.167564719084	2.4068856822	7.81970768821	-0.114740612663	1.52015891645
47	1.0	0.48	3.62957607331	2.91222445565	0.0755886097918	0.1574762704	2.53652090996	8.20947037524	-0.119796487696	1.53927426866
48	1.0	0.49	3.62957607331	3.08718397162	0.072574780562	0.148111797065	2.6715628978	8.61050000378	-0.124974115328	1.55861274807
49	1.0	0.5	3.62957607331	3.27081445058	0.069705251173	0.139410502346	2.81218796076	9.02311066102	-0.130274733048	1.57734811632
50	1.0	0.51	3.62957607331	3.46346217408	0.0669719122076	0.131317474917	2.958576732	9.44762019056	-0.135699612657	1.59743546575
51	1.0	0.52	3.62957607331	3.66548340293	0.0643671810821	0.123783040542	3.11091423369	9.88435032098	-0.141250060412	1.61813148365
52	1.0	0.53	3.62957607331	3.87724466736	0.0618839628582	0.116762194072	3.26938994856	10.3336267869	-0.14692741631	1.63809744084
53	1.0	0.54	3.62957607331	4.09912295576	0.0595156143426	0.110214100634	3.4341978923	10.795779447	-0.152733053686	1.65911752205
54	1.0	0.55	3.62957607331	4.33150580406	0.0572559111703	0.104101656673	3.60553668677	11.2711423999	-0.158668379108	1.68128746375
55	1.0	0.56	3.62957607331	4.57479159663	0.0550990176217	0.098391102896	3.78360963415	11.7600540945	-0.164734831525	1.70258697013
56	1.0	0.57	3.62957607331	4.82938972976	0.0530394588937	0.0930516822696	3.96862479203	12.2628574403	-0.170933881839	1.72446702966
57	1.0	0.58	3.62957607331	5.09572084853	0.051072095618	0.0880553372724	4.16079504959	12.7798999143	-0.177267032191	1.74824873198
58	1.0	0.59	3.62957607331	5.37421695497	0.0491921004111	0.0833764413748	4.36033820484	13.3115336681	-0.183735815648	1.77100563548
59	1.0	0.6	3.62957607331	5.6653217193	0.0473949362956	0.0789915604927	4.56747704304	13.8581156311	-0.190341795156	1.79362697469
60	1.0	0.61	3.62957607331	5.96949069053	0.0456763368065	0.0748792406664	4.78243941638	14.420007614	-0.197086562791	1.81918351591
61	1.0	0.62	3.62957607331	6.28719138961	0.0440322876363	0.0710198187682	5.00545832483	14.9975764116	-0.203971739384	1.84354664418
62	1.0	0.63	3.62957607331	6.61890375199	0.0424590097095	0.0673952535072	5.23677199842	15.5911939012	-0.210998972889	1.86672898506
63	1.0	0.64	3.62957607331	6.96512013252	0.0409529435216	0.0639889742524	5.47662398079	16.2012371448	-0.218169938229	1.89425311369
64	1.0	0.65	3.62957607331	7.32634565825	0.0395107346749	0.0607857456537	5.72526321419	16.828088485	-0.225486335897	1.92040114186
65	1.0	0.66	3.62957607331	7.70309843037	0.0381292204864	0.0577715461915	5.98294412591	17.4721356422	-0.232949891037	1.94482960467
66	1.0	0.67	3.62957607331	8.09590978853	0.0368054175855	0.0549334590829	6.24992671615	18.1337718088	-0.240562352272	1.97360247847
67	1.0	0.68	3.62957607331	8.50532442697	0.0355365104137	0.0522595741377	6.5264766474	18.8133957435	-0.248325491019	2.00174962901
68	1.0	0.69	3.62957607331	8.93190081621	0.0343198405675	0.0497388993732	6.81286533527	19.5114118598	-0.256241099684	2.02793507365
69	1.0	0.7	3.62957607331	9.3762113531	0.0331528968957	0.0473612812796	7.10937004087	20.2282303147	-0.264310990793	2.05734798494
70	1.0	0.71	3.62957607331	9.83884251875	0.0320333062995	0.0451173328162	7.41627396468	20.9642670959	-0.272536996068	2.08775057454
71	1.0	0.72	3.62957607331	10.320395299	0.0309588251888	0.0429983683178	7.73386634184	21.7199441006	-0.28092096453	2.11593169978
72	1.0	0.73	3.62957607331	10.8214853415	0.0299273315247	0.0409963445544	8.06244253903	22.4956892164	-0.289464761536	2.14556183768
73	1.0	0.74	3.62957607331	11.3427431207	0.0289368174118	0.0391038073132	8.40230415268	23.2919363962	-0.29817026776	2.17852561999
74	1.0	0.75	3.62957607331	11.8848143543	0.027985382204	0.0373138429387	8.75375910863	24.1091257269	-0.307039377265	2.2089925779
75	1.0	0.76	3.62957607331	12.4483601368	0.02707122607	0.0356200343026	9.11712176314	24.9477034967	-0.316073996575	2.23825261359
76	1.0	0.77	3.62957607331	13.0340571889	0.0261926439932	0.0340164207704	9.4927130052	25.8081222556	-0.325276043344	2.27414076292
77	1.0	0.78	3.62957607331	13.642598207	0.0253480201744	0.032497461762	9.88086036	26.6908408695	-0.334647444648	2.30724458194
78	1.0	0.79	3.62957607331	14.274691924	0.0245358227957	0.0310580035389	10.2818980936	27.5963245724	-0.344190136352	2.33696282976
79	1.0	0.8	3.62957607331	14.9310635322	0.0237545991366	0.0296932489207	10.6961673187	28.525045007	-0.353906061163	2.37458297184
80	1.0	0.81	3.62957607331	15.6124548173	0.0230029709988	0.0283987296281	11.1240161011	29.4774802631	-0.363797167771	2.4107457854
81	1.0	0.82	3.62957607331	16.3196244197	0.0222796304293	0.0271702810113	11.5657995674	30.4541149078	-0.37386540955	2.44314912285
82	1.0	0.83	3.62957607331	17.0533480402	0.0215833357142	0.0260040189328	12.0218800132	31.4554400087	-0.384112743509	2.47973184802
83	1.0	0.84	3.62957607331	17.8144187397	0.0209129076283	0.0248963186051	12.4926270115	32.4819531483	-0.39454112893	2.51945750748
84	1.0	0.85	3.62957607331	18.6036470628	0.0202672259159	0.0238437951951	12.9784175223	33.5341584348	-0.405152526724	2.5550402562
85	1.0	0.86	3.62957607331	19.4218613494	0.0196452259946	0.0228432860402	13.479636002	34.6125665004	-0.415948898136	2.58932624466
86	1.0	0.87	3.62957607331	20.2699078719	0.0190458958596	0.0218918343214	13.9966745129	35.7176944963	-0.42693220418	2.63321059731
87	1.0	0.88	3.62957607331	21.1486510411	0.0184682731783	0.0209866740662	14.5299328328	36.8500660782	-0.438104404881	2.67256896243
88	1.0	0.89	3.62957607331	22.0589736696	0.017911442563	0.0201252163629	15.0798185647	38.0102113827	-0.44946745838	2.70649361718
89	1.0	0.9	3.62957607331	23.0017770724	0.0173745330052	0.0193050366724	15.6467472453	39.198667	-0.461023320741	2.75166592807
90	1.0	0.91	3.62957607331	23.9779813151	0.0168567154666	0.0185238631501	16.2311424541	40.4159759358	-0.472773945284	2.79551093401
91	1.0	0.92	3.62957607331	24.9885253892	0.0163572006111	0.0177795658817	16.8334359205	41.662687567	-0.484721282284	2.83343059788
92	1.0	0.93	3.62957607331	26.0343673147	0.0158752366711	0.0170701469582	17.4540676316	42.9393575939	-0.496867279052	2.87426963051
93	1.0	0.94	3.62957607331	27.1164843851	0.01541010744	0.0163937313192	18.0934859372	44.2465479809	-0.509213879549	2.92343796686
94	1.0	0.95	3.62957607331	28.2358732386	0.0149611303797	0.0157485582944	18.7521476551	45.5848268966	-0.521763024783	2.96620603755
95	1.0	0.96	3.62957607331	29.3935500639	0.0145276548401	0.0151329737918	19.4305181744	46.9547686451	-0.534516652772	3.00138340777
96	1.0	0.97	3.62957607331	30.5905507405	0.0141090603795	0.0145454230716	20.129071557	48.3569535941	-0.547476698851	3.05566494481
97	1.0	0.98	3.62957607331	31.8279308907	0.0137047551804	0.0139844440617	20.8482906383	49.7919681008	-0.560645096431	3.10429139666
98	1.0	0.99	3.62957607331	33.1067661441	0.0133141745585	0.0134486611702	21.5886671254	51.26040443	-0.574023776988	3.14472389926
99	1.0	1.0	3.62957607331	34.4281521224	0.0129367795523	0.0129367795523	22.3507016939	52.762860676	-0.587614671265	3.19119229577
100	1.0	1.01	3.62957607331	35.7932046324	0.0125720555955	0.0124475797975	23.1349040828	54.2999406777	-0.601419709698	3.24685094159
101	1.0	1.02	3.62957607331	37.2030597764	0.0122195112621	0.0119799130021	23.9417931871	55.8722539346	-0.615440823261	3.29376198471
102	1.0	1.03	3.62957607331	38.6588739869	0.0118786770818	0.0115326961959	24.7718971485	57.4804155256	-0.629679944668	3.33037984241
103	1.0	1.04	3.62957607331	40.1618242422	0.0115491044227	0.0111049080987	25.6257534441	59.1250460225	-0.644139008898	3.39267260715
104	1.0	1.05	3.62957607331	41.7131080946	0.0112303644345	0.0106955851757	26.5039089732	60.8067714109	-0.658819954526	3.44748836076
105	1.0	1.06	3.62957607331	43.3139438085	0.0109220470512	0.0103038179729	27.4069201411	62.5262230098	-0.673724724641	3.49131104053
106	1.0	1.07	3.62957607331	44.9655703908	0.0106237600479	0.00992874770836	28.3353529422	64.2840373985	-0.688855268223	3.54009714657
107	1.0	1.08	3.62957607331	46.6692477971	0.0103351281512	0.009569563103	29.28978304	66.0808563407	-0.704213540825	3.60444067472
108	1.0	1.09	3.62957607331	48.4262569646	0.0100557921967	0.00922549742816	30.2707958455	67.9173267196	-0.719801505966	3.65720347512
109	1.0	1.1	3.62957607331	50.2378999165	0.00978540833336	0.0088958257576	31.2789865937	69.7941004755	-0.735621136215	3.69638031175
110	1.0	1.11	3.62957607331	52.105499935	0.00952364727262	0.00857986240777	32.3149604184	71.7118345465	-0.751674413987	3.76261672074
111	1.0	1.12	3.62957607331	54.0304015578	0.00927019357602	0.00827695855002	33.3793324255	73.6711908222	-0.767963333046	3.82629544093
112	1.0	1.13	3.62957607331	56.0139708058	0.00902474498397	0.00798649998581	34.4727277639	75.6728360957	-0.784489898997	3.87564488558
113	1.0	1.14	3.62957607331	58.0575952379	0.00878701177998	0.00770790507016	35.5957816961	77.7174420287	-0.801256130472	3.9193945542
114	1.0	1.15	3.62957607331	60.1626840785	0.00855671618937	0.00744062277337	36.749139667	79.8056851214	-0.818264059952	3.9961670313
115	1.0	1.16	3.62957607331	62.3306683922	0.00833359181113	0.00718413087167	37.9334573714	81.9382466885	-0.835515734334	4.05809500644
116	1.0	1.17	3.62957607331	64.5630011623	0.00811738307969	0.00693793425614	39.1494008211	84.115812846	-0.853013215838	4.1025507887
117	1.0	1.18	3.62957607331	66.8611574945	0.0079078447568	0.00670156335322	40.397646411	86.3390745016	-0.870758582311	4.16364222138
118	1.0	1.19	3.62957607331	69.2266347255	0.00770474144956	0.00647457264669	41.6788809843	88.6087273554	-0.888753927868	4.24079383813
