T	rho	B2	P_virial	Sk0	kappa	mu	s2	Sk_max
0.793650793651	0.8	-4.853737425	71611.7873707	0.831066334367	1.30892947663	-2.05093887028	-0.438630810018	2.20761926663
0.793650793651	0.79	-4.853737425	-65785.8477405	1.01022396534	1.61124328648	-2.13784813717	-0.427434301745	2.18415963869
0.793650793651	0.78	-4.853737425	-65731.9089291	1.25076857396	2.02047231178	-2.21497127557	-0.416548243057	2.16226282746
0.793650793651	0.77	-4.853737425	-66543.3153563	1.58571501891	2.59480639458	-2.28301705794	-0.405971101645	2.14197768767
0.793650793651	0.76	-4.853737425	-65680.019678	2.07534229097	3.44069906135	-2.34260461325	-0.395704763955	2.12339062479
0.793650793651	0.75	-4.853737425	-65772.222062	2.84193800689	4.77445585158	-2.39424115976	-0.385756666945	2.84193800689
0.793650793651	0.74	-4.853737425	-70510.1046318	4.17642218107	7.11120533534	-2.43826286269	-0.376144684054	4.17642218107
0.793650793651	0.73	-4.853737425	-81103.3934745	6.99686901765	12.0767876195	-2.47464091796	-0.366911853865	6.99686901765
0.793650793651	0.72	-4.853737425	63144.3271653	17.8570398824	31.2498197942	-2.50170108682	-0.358217473287	17.8570398824
