	T	rho	B2	P_virial	P_kappa	Sk0	kappa	mu	s2	Sk_max
0	1.16279069767	0.8	-1.32856801462	70621.0500813	0.930232558136	0.150649862938	0.161948602659	2.50804844089	-0.40954822174	2.07240847042
1	1.16279069767	0.79	-1.32856801462	-62708.308879	0.855385039143	0.160362681248	0.174572032751	2.23683470067	-0.397747102989	2.04231393486
2	1.16279069767	0.78	-1.32856801462	-59908.7201553	0.785063674974	0.170665652111	0.188169821558	1.98285905811	-0.386226554979	2.01336736088
3	1.16279069767	0.77	-1.32856801462	-58069.883466	0.718980447203	0.181590192216	0.202815019877	1.74497339424	-0.374977648351	1.9852831539
4	1.16279069767	0.76	-1.32856801462	-56781.5365807	0.656865737008	0.193168599841	0.218585520873	1.52210743278	-0.363991859544	1.95805850652
5	1.16279069767	0.75	-1.32856801462	-54323.708542	0.598467075908	0.205433937176	0.235564247962	1.31326300329	-0.353261061277	1.93168459923
6	1.16279069767	0.74	-1.32856801462	-51841.6884178	0.543547991007	0.21841988619	0.253839327194	1.11750874391	-0.342777505031	1.906147807
7	1.16279069767	0.73	-1.32856801462	-51162.8433271	0.491886936982	0.232160573223	0.273504236947	0.933975238998	-0.332533804281	1.88143071383
8	1.16279069767	0.72	-1.32856801462	-48260.4864152	0.443276307385	0.2466903589	0.294657928686	0.761850553484	-0.32252291841	1.85751296223
9	1.16279069767	0.71	-1.32856801462	-46681.0916178	0.397521518468	0.26204358936	0.317404911055	0.600376133341	-0.3127381374	1.83437196205
10	1.16279069767	0.7	-1.32856801462	-44110.0420113	0.354440159406	0.278254306362	0.341855290673	0.448843029533	-0.3031730671	1.81198347863
11	1.16279069767	0.69	-1.32856801462	-42748.8080256	0.313861203382	0.295355911953	0.368124759826	0.306588426396	-0.293821615228	1.79032211941
12	1.16279069767	0.68	-1.32856801462	-39713.3709352	0.275624274469	0.313380785771	0.396334523181	0.172992438395	-0.284677977895	1.76936173384
13	1.16279069767	0.67	-1.32856801462	-37619.7052234	0.239578965737	0.332359851464	0.426611152625	0.0474751585776	-0.275736626879	1.74907574108
14	1.16279069767	0.66	-1.32856801462	-35877.5355125	0.20558420445	0.352322091519	0.459086361676	-0.0705060711156	-0.266992297314	1.72992958056
15	1.16279069767	0.65	-1.32856801462	-34337.8246416	0.17350766058	0.373294008624	0.493896688333	-0.181459181911	-0.258439976049	1.7115167844
16	1.16279069767	0.64	-1.32856801462	-32846.7670643	0.143225195208	0.395299034167	0.531183077161	-0.285859714093	-0.250074890537	1.69362305267
17	1.16279069767	0.63	-1.32856801462	-29188.3516707	0.114620345702	0.4183568853	0.571090351363	-0.384152982726	-0.24189249824	1.67623042189
18	1.16279069767	0.62	-1.32856801462	-27742.8391988	0.087583844819	0.442482873069	0.61376656587	-0.476756086562	-0.233888476557	1.65932050172
19	1.16279069767	0.61	-1.32856801462	-25967.9623507	0.0620131711552	0.467687167969	0.659362236808	-0.5640597785	-0.226058713121	1.64287465571
20	1.16279069767	0.6	-1.32856801462	-23716.5694649	0.037812128579	0.493974027941	0.708029440049	-0.646430203533	-0.218399296754	1.62687415142
21	1.16279069767	0.59	-1.32856801462	-20866.8045546	0.0148904524612	0.52134099958	0.759920779049	-0.724210520512	-0.210906508788	1.61130028445
22	1.16279069767	0.58	-1.32856801462	-20011.6717584	-0.00683655927068	0.549778103507	0.815188222442	-0.797722415678	-0.203576814873	1.59613448037
23	1.16279069767	0.57	-1.32856801462	-17636.7701469	-0.0274483920673	0.579267019207	0.873981818453	-0.867267519502	-0.196406856938	1.58135837811
24	1.16279069767	0.56	-1.32856801462	-15158.8657305	-0.0470196393636	0.609780284162	0.936448293534	-0.933128731507	-0.189393446141	1.56695389793
25	1.16279069767	0.55	-1.32856801462	-13711.6167547	-0.0656203073988	0.641280528757	1.00272955406	-0.995571465674	-0.182533555479	1.55290329612
26	1.16279069767	0.54	-1.32856801462	-11213.2078812	-0.0833161016473	0.673719767506	1.07296111121	-1.05484482117	-0.175824313353	1.53918920897
27	1.16279069767	0.53	-1.32856801462	-10665.3131256	-0.100168696177	0.707038768886	1.14727045517	-1.11118268438	-0.169262997302	1.52579468769
28	1.16279069767	0.52	-1.32856801462	-9040.29021259	-0.116235987124	0.741166531142	1.22577541689	-1.16480477183	-0.162847027773	1.51270322567
29	1.16279069767	0.51	-1.32856801462	-5028.54796566	-0.13157233139	0.776019886056	1.30858255296	-1.21591761551	-0.15657396263	1.49989877964
30	1.16279069767	0.5	-1.32856801462	-6090.14353939	-0.146228771593	0.811503257346	1.39578560263	-1.26471549834	-0.150441492232	1.4873657857
31	1.16279069767	0.49	-1.32856801462	-1300.70455607	-0.160253248169	0.847508601815	1.48746407665	-1.31138134816	-0.144447433269	1.47508917076
32	1.16279069767	0.48	-1.32856801462	-1674.6384322	-0.173690799518	0.883915544062	1.58368201644	-1.3560875844	-0.138589725659	1.46305436102
33	1.16279069767	0.47	-1.32856801462	866.28228363	-0.186583750969	0.920591740613	1.68448701474	-1.39899693749	-0.132866426226	1.45124728687
34	1.16279069767	0.46	-1.32856801462	1276.46462843	-0.198971893277	0.957393470392	1.7899095316	-1.4402632293	-0.12727570606	1.43965438597
35	1.16279069767	0.45	-1.32856801462	2848.84760809	-0.210892651332	0.994166476682	1.89996259988	-1.48003213185	-0.121815845345	1.42826260381
36	1.16279069767	0.44	-1.32856801462	4155.20691227	-0.22238124366	1.03074705325	2.01464196771	-1.51844189936	-0.116485230184	1.41705939297
37	1.16279069767	0.43	-1.32856801462	5358.97045116	-0.233470833296	1.06696337921	2.13392675842	-1.55562408326	-0.111282348913	1.40603271071
38	1.16279069767	0.42	-1.32856801462	10118.3841519	-0.244192670498	1.10263708933	2.25778070672	-1.59170423186	-0.10620578858	1.39527939298
39	1.16279069767	0.41	-1.32856801462	6400.0659021	-0.254576227791	1.13758505928	2.38615402679	-1.6268025774	-0.101254232969	1.38468274738
40	1.16279069767	0.4	-1.32856801462	8799.41036515	-0.264649327721	1.17162139575	2.51898600086	-1.66103472311	-0.096426456888	1.37421829828
41	1.16279069767	0.39	-1.32856801462	12002.555832	-0.274438263713	1.20455957365	2.65620829061	-1.69451232043	-0.0917213266822	1.36387683836
42	1.16279069767	0.38	-1.32856801462	12032.4545204	-0.283967914394	1.23621470891	2.79774907806	-1.72734375724	-0.0871377958639	1.35364955692
43	1.16279069767	0.37	-1.32856801462	15712.208443	-0.293261851644	1.26640591136	2.94353806424	-1.7596348552	-0.0826749026047	1.3435280409
44	1.16279069767	0.36	-1.32856801462	13071.4127651	-0.302342442697	1.29495866173	3.09351235857	-1.79148958068	-0.0783317689281	1.33350427458
45	1.16279069767	0.35	-1.32856801462	14145.1435892	-0.311230946516	1.32170718438	3.24762336732	-1.82301078717	-0.0741075964527	1.32357063828
46	1.16279069767	0.34	-1.32856801462	11905.1607472	-0.319947604701	1.34649673248	3.40584467627	-1.85430098469	-0.0700016667445	1.34649673248
47	1.16279069767	0.33	-1.32856801462	17070.970304	-0.328511727132	1.36918576513	3.56818108489	-1.88546316168	-0.0660133372921	1.36918576513
48	1.16279069767	0.32	-1.32856801462	15564.1209149	-0.336941772549	1.38964793087	3.73467881421	-1.91660165727	-0.0621420426049	1.38964793087
49	1.16279069767	0.31	-1.32856801462	17693.398967	-0.345255424259	1.4077738495	3.90543713088	-1.9478231168	-0.0583872895072	1.4077738495
50	1.16279069767	0.3	-1.32856801462	12977.348041	-0.353469661121	1.42347260312	4.08062146226	-1.97923753036	-0.0547486583838	1.42347260312
51	1.16279069767	0.29	-1.32856801462	16034.7077141	-0.361600824003	1.43667294649	4.26047839303	-2.01095939701	-0.0512257989941	1.43667294649
52	1.16279069767	0.28	-1.32856801462	15321.6249416	-0.369664677857	1.44732415763	4.44535276987	-2.04310902304	-0.0478184322206	1.44732415763
53	1.16279069767	0.27	-1.32856801462	15041.2041342	-0.377676469581	1.45539655862	4.63570755709	-2.0758140107	-0.0445263460324	1.45539655862
54	1.16279069767	0.26	-1.32856801462	15225.7642865	-0.385650981793	1.46088165441	4.83214701074	-2.10921096516	-0.0413493954116	1.46088165441
55	1.16279069767	0.25	-1.32856801462	14332.7269379	-0.393602582702	1.46379191097	5.03544417375	-2.14344748575	-0.0382875007934	1.46379191097
56	1.16279069767	0.24	-1.32856801462	15477.3425249	-0.401545272208	1.46416017675	5.24657396669	-2.17868451221	-0.0353406460144	1.46416017675
57	1.16279069767	0.23	-1.32856801462	12644.9032988	-0.409492724402	1.462038762	5.46675363182	-2.21509911738	-0.0325088778989	1.462038762
58	1.16279069767	0.22	-1.32856801462	12961.8936708	-0.417458326604	1.4574982188	5.69749303712	-2.25288787621	-0.0297923030909	1.4574982188
59	1.16279069767	0.21	-1.32856801462	11086.7292669	-0.425455215112	1.45062583532	5.94065818273	-2.29227096356	-0.0271910877214	1.45062583532
60	1.16279069767	0.2	-1.32856801462	12185.9220985	-0.433496307816	1.44152391899	6.19855285166	-2.3334972123	-0.0247054544175	1.44152391899
61	1.16279069767	0.19	-1.32856801462	9504.88684129	-0.441594333838	1.43030788573	6.47402516697	-2.37685041506	-0.0223356812333	1.43030788573
62	1.16279069767	0.18	-1.32856801462	10928.7570176	-0.449761860344	1.41710424101	6.77060915151	-2.42265729308	-0.0200820980711	1.41710424101
63	1.16279069767	0.17	-1.32856801462	7056.03593187	-0.458011316704	1.40204846944	7.0927157866	-2.471297688	-0.0179450859873	1.40204846944
64	1.16279069767	0.16	-1.32856801462	5755.91473974	-0.466355016122	1.38528292809	7.44589573848	-2.52321781304	-0.015925072809	1.38528292809
65	1.16279069767	0.15	-1.32856801462	7927.10043329	-0.474805174885	1.36695474986	7.83720723256	-2.57894772743	-0.0140225314615	1.36695474986
66	1.16279069767	0.14	-1.32856801462	8441.16061761	-0.483373929389	1.34721383243	8.2757421135	-2.6391248072	-0.0122379770802	1.34721383243
67	1.16279069767	0.13	-1.32856801462	4921.62813889	-0.492073351038	1.32621094437	8.77339547816	-2.70452588195	-0.0105719632096	1.32621094437
68	1.16279069767	0.12	-1.32856801462	4520.91769532	-0.500915459087	1.30409597999	9.34602118992	-2.77611221179	-0.00902507826551	1.30409597999
69	1.16279069767	0.11	-1.32856801462	4286.64748951	-0.509912231592	1.28101637511	10.0152189327	-2.85509402202	-0.00759794287636	1.28101637511
70	1.16279069767	0.1	-1.32856801462	5014.16207409	-0.519075614494	1.25711572603	10.8111952438	-2.94302583977	-0.00629120545855	1.25711572603
71	1.16279069767	0.09	-1.32856801462	3037.68729663	-0.528417528915	1.23253259823	11.7775337165	-3.04195216868	-0.0051055385993	1.23253259823
72	1.16279069767	0.08	-1.32856801462	2141.26796056	-0.537949876695	1.20739954683	12.9795451284	-3.15463927301	-0.00404163451184	1.20739954683
73	1.16279069767	0.07	-1.32856801462	2252.90382061	-0.547684544209	1.18184232383	14.5197771213	-3.28496247354	-0.00310020116926	1.18184232383
74	1.16279069767	0.06	-1.32856801462	1565.7565538	-0.557633404491	1.15597928176	16.569036372	-3.4385939538	-0.00228195789424	1.15597928176
75	1.16279069767	0.05	-1.32856801462	893.5380445	-0.567808317675	1.12992095494	19.4346404249	-3.62432326727	-0.00158763046402	1.12992095494
76	1.16279069767	0.04	-1.32856801462	587.71982062	-0.578221129734	1.10376979866	23.7310506713	-3.85687004937	-0.00101794663811	1.10376979866
77	1.16279069767	0.03	-1.32856801462	347.92043021	-0.588883669563	1.07762007189	30.8917753941	-4.16382115778	-0.00057363132252	1.07762007189
78	1.16279069767	0.02	-1.32856801462	166.465185551	-0.599807744393	1.05155784561	45.2169873612	-4.60709885199	-0.000255401682312	1.05155784561
