T	rho	B2	P_virial	Sk0	kappa	mu	s2	Sk_max
1.06382978723	0.8	-1.88021439067	70421.791451	0.183467343036	0.215574128067	1.24749121657	-0.4141045239	2.09103237576
1.06382978723	0.79	-1.88021439067	-62836.2769403	0.196737647544	0.234092897078	1.02503167105	-0.402340132928	2.06047444365
1.06382978723	0.78	-1.88021439067	-60817.6103916	0.210963971282	0.254238632058	0.817768797019	-0.390854477514	2.03101339733
1.06382978723	0.77	-1.88021439067	-59864.9520386	0.226212541502	0.276155570145	0.624652918689	-0.379638568934	2.00262026911
1.06382978723	0.76	-1.88021439067	-57788.3193187	0.242553190298	0.299999998527	0.444706608777	-0.368683826463	1.97527276717
1.06382978723	0.75	-1.88021439067	-54389.4256091	0.260059314701	0.325941007759	0.277019358743	-0.357982067409	1.95020394285
1.06382978723	0.74	-1.88021439067	-52827.5334156	0.278807779765	0.354161233755	0.120742658792	-0.347525489101	1.9259260826
1.06382978723	0.73	-1.88021439067	-51245.9114873	0.298878749959	0.38485756844	-0.0249145176561	-0.337306651654	1.90242312448
1.06382978723	0.72	-1.88021439067	-49281.521958	0.32035543407	0.418241816702	-0.160689856555	-0.32731846147	1.87967606583
1.06382978723	0.71	-1.88021439067	-46653.8557765	0.343323728521	0.45454127438	-0.287271510407	-0.317554155446	1.85766364077
1.06382978723	0.7	-1.88021439067	-45089.5954616	0.367871741758	0.493999196074	-0.405301598103	-0.308007285914	1.83636288318
1.06382978723	0.69	-1.88021439067	-42579.3610263	0.394089181868	0.536875117327	-0.51537942668	-0.298671706185	1.81574959232
1.06382978723	0.68	-1.88021439067	-40549.1291384	0.422066587512	0.583444988619	-0.618064456855	-0.289541556781	1.79579871631
1.06382978723	0.67	-1.88021439067	-39544.6347444	0.451894383614	0.634001075518	-0.713879038826	-0.280611252475	1.77648466609
1.06382978723	0.66	-1.88021439067	-36486.7437739	0.48366174221	0.688851572239	-0.803310937112	-0.271875469552	1.75778157107
1.06382978723	0.65	-1.88021439067	-36157.8668193	0.517455229417	0.748319870235	-0.886815661372	-0.263329134183	1.73966348614
1.06382978723	0.64	-1.88021439067	-33241.5683751	0.553357225356	0.812743424742	-0.964818626489	-0.254967410915	1.72210455772
1.06382978723	0.63	-1.88021439067	-30535.2196857	0.591444100519	0.882472149981	-1.0377171485	-0.246785692257	1.70507915646
1.06382978723	0.62	-1.88021439067	-27527.9877772	0.631784145406	0.957866284971	-1.10588229953	-0.238779588328	1.68856198172
1.06382978723	0.61	-1.88021439067	-26925.0325648	0.674435249456	1.0392936631	-1.16966062836	-0.230944917427	1.67252814357
1.06382978723	0.6	-1.88021439067	-22855.0816648	0.719442339946	1.12712633258	-1.22937576318	-0.223277696795	1.65695322589
1.06382978723	0.59	-1.88021439067	-21004.8815695	0.766834593993	1.22173647179	-1.28532990158	-0.21577413441	1.6418133348
1.06382978723	0.58	-1.88021439067	-21516.8806788	0.816622460529	1.32349157396	-1.33780520588	-0.208430620755	1.62708513474
1.06382978723	0.57	-1.88021439067	-17073.5983269	0.868794531089	1.43274887583	-1.38706510682	-0.201243721038	1.61274587512
1.06382978723	0.56	-1.88021439067	-15646.851522	0.923314315251	1.54984902917	-1.43335552372	-0.194210168921	1.59877340975
1.06382978723	0.55	-1.88021439067	-12100.9154643	0.980117005059	1.67510906319	-1.47690601662	-0.187326858715	1.58539352371
1.06382978723	0.54	-1.88021439067	-10652.2197407	1.03910630351	1.80881467647	-1.5179308672	-0.18059084022	1.57231957992
1.06382978723	0.53	-1.88021439067	-7896.9618125	1.10015143358	1.95121197654	-1.55663010417	-0.173999312118	1.55952506544
1.06382978723	0.52	-1.88021439067	-7391.50129436	1.16308443257	2.10249878195	-1.59319047233	-0.16754961695	1.54699272157
1.06382978723	0.51	-1.88021439067	-4085.50842261	1.22769786829	2.26281567881	-1.62778635661	-0.161239235383	1.53470567697
1.06382978723	0.5	-1.88021439067	-2997.71102979	1.29374309608	2.43223702063	-1.6605806601	-0.155065782388	1.52264747327
1.06382978723	0.49	-1.88021439067	-2672.83150026	1.36092920424	2.6107621469	-1.69172564705	-0.149027001675	1.51080208654
1.06382978723	0.48	-1.88021439067	-668.199990464	1.4289227653	2.79830708205	-1.72136374959	-0.143120762204	1.49915394541
1.06382978723	0.47	-1.88021439067	801.628783499	1.49734851699	2.99469703398	-1.74962834406	-0.137345053928	1.49734851699
1.06382978723	0.46	-1.88021439067	4191.43944096	1.56579108467	3.19966004258	-1.77664450151	-0.131697984445	1.56579108467
1.06382978723	0.45	-1.88021439067	4848.91427344	1.63379781985	3.41282211258	-1.8025297125	-0.12617777572	1.63379781985
1.06382978723	0.44	-1.88021439067	5104.36775961	1.70088283241	3.63370423288	-1.82739459328	-0.12078276035	1.70088283241
1.06382978723	0.43	-1.88021439067	9694.212976	1.76653223515	3.86172163033	-1.85134357257	-0.115511379498	1.76653223515
1.06382978723	0.42	-1.88021439067	9790.3521834	1.83021060032	4.09618562928	-1.87447556261	-0.110362181087	1.83021060032
1.06382978723	0.41	-1.88021439067	8510.61185406	1.89136861509	4.33630853216	-1.89688462248	-0.105333817152	1.89136861509
1.06382978723	0.4	-1.88021439067	10187.7762672	1.9494518242	4.58121178688	-1.91866061058	-0.100425041065	1.9494518242
1.06382978723	0.39	-1.88021439067	13856.4272741	2.00391035534	4.82993777955	-1.93988983418	-0.0956347090388	2.00391035534
1.06382978723	0.38	-1.88021439067	12421.5102894	2.05420944969	5.0814654808	-1.96065570076	-0.0909617774259	2.05420944969
1.06382978723	0.37	-1.88021439067	16633.8216681	2.09984058702	5.33473013999	-1.981039379	-0.0864053024841	2.09984058702
1.06382978723	0.36	-1.88021439067	17110.9520155	2.14033286851	5.58864693445	-2.00112046805	-0.0819644420642	2.14033286851
1.06382978723	0.35	-1.88021439067	17898.5520224	2.17526438721	5.84213863995	-2.02097769527	-0.0776384539775	2.17526438721
1.06382978723	0.34	-1.88021439067	14601.4889345	2.20427311924	6.09416685907	-2.04068964034	-0.0734266989392	2.20427311924
1.06382978723	0.33	-1.88021439067	21597.5054887	2.22706694945	6.34376646206	-2.06033550619	-0.0693286394219	2.22706694945
1.06382978723	0.32	-1.88021439067	19279.2232254	2.2434322857	6.59008233923	-2.07999593798	-0.0653438447839	2.2434322857
1.06382978723	0.31	-1.88021439067	22698.2349405	2.25324091463	6.83240793468	-2.09975392453	-0.0614719887496	2.25324091463
1.06382978723	0.3	-1.88021439067	21397.3435849	2.25645450589	7.07022411845	-2.11969577639	-0.0577128538968	2.25645450589
1.06382978723	0.29	-1.88021439067	25470.5807632	2.25312655441	7.30323779705	-2.13991222553	-0.0540663300322	2.25312655441
1.06382978723	0.28	-1.88021439067	24796.6448119	2.243401394	7.53141896557	-2.1604996543	-0.0505324183028	2.243401394
1.06382978723	0.27	-1.88021439067	20868.3922009	2.22751029593	7.75503584508	-2.1815615016	-0.0471112280375	2.22751029593
1.06382978723	0.26	-1.88021439067	25187.2797725	2.20576467403	7.97468766765	-2.20320987569	-0.0438029774955	2.20576467403
1.06382978723	0.25	-1.88021439067	22765.0563653	2.17854669125	8.19133555912	-2.22556742687	-0.0406079917132	2.17854669125
1.06382978723	0.24	-1.88021439067	24562.8075876	2.14629777776	8.40633296291	-2.24876955371	-0.0375266998786	2.14629777776
1.06382978723	0.23	-1.88021439067	22001.5298076	2.10950556406	8.62145752268	-2.27296701063	-0.0345596323689	2.10950556406
1.06382978723	0.22	-1.88021439067	20489.6077976	2.06869001901	8.83894826306	-2.29832904632	-0.0317074137902	2.06869001901
1.06382978723	0.21	-1.88021439067	18385.815426	2.02438942268	9.06155265391	-2.3250472047	-0.0289707588484	2.02438942268
1.06382978723	0.2	-1.88021439067	18716.0494229	1.9771469127	9.29259048968	-2.35333999801	-0.0263504641067	1.9771469127
1.06382978723	0.19	-1.88021439067	14800.2063405	1.92749814143	9.53604343655	-2.38345871319	-0.0238474024563	1.92749814143
1.06382978723	0.18	-1.88021439067	16174.156465	1.87596055246	9.79668288507	-2.41569473643	-0.0214625126923	1.87596055246
1.06382978723	0.17	-1.88021439067	13503.4761271	1.82302449963	10.0802531156	-2.45038890401	-0.0191967938236	1.82302449963
1.06382978723	0.16	-1.88021439067	11520.360885	1.76914643166	10.393735286	-2.48794364497	-0.017051294371	1.76914643166
1.06382978723	0.15	-1.88021439067	13892.6604442	1.71474406625	10.7457294818	-2.52883898409	-0.0150271049727	1.71474406625
1.06382978723	0.14	-1.88021439067	12346.6967583	1.66019346373	11.1470132564	-2.57365402182	-0.0131253507106	1.66019346373
1.06382978723	0.13	-1.88021439067	8092.15140217	1.60582780768	11.6113703017	-2.62309634319	-0.0113471814097	1.60582780768
1.06382978723	0.12	-1.88021439067	7615.6532825	1.55193759765	12.1568445149	-2.67804316691	-0.00969376438209	1.55193759765
1.06382978723	0.11	-1.88021439067	7484.00226572	1.4987719781	12.8076878129	-2.73960038872	-0.00816627720056	1.4987719781
1.06382978723	0.1	-1.88021439067	8094.91700709	1.44654094601	13.5974848925	-2.80918980358	-0.00676589958736	1.44654094601
1.06382978723	0.09	-1.88021439067	5513.74808713	1.39541814178	14.5743672586	-2.88868238013	-0.00549380653285	1.39541814178
1.06382978723	0.08	-1.88021439067	3471.38400328	1.34554402725	15.8101423201	-2.98061031805	-0.00435116042413	1.34554402725
1.06382978723	0.07	-1.88021439067	3529.4035701	1.29702921984	17.4172495236	-3.08852137881	-0.00333910434159	1.29702921984
1.06382978723	0.06	-1.88021439067	2360.65679817	1.24995785625	19.5826730813	-3.21760814772	-0.00245875533031	1.24995785625
1.06382978723	0.05	-1.88021439067	1481.7119683	1.20439087198	22.6425483932	-3.37591615168	-0.00171119688602	1.20439087198
1.06382978723	0.04	-1.88021439067	880.974309385	1.16036909365	27.2686737008	-3.57691717601	-0.00109747232306	1.16036909365
1.06382978723	0.03	-1.88021439067	458.210883408	1.11791610708	35.0280380219	-3.84585599102	-0.000618578019213	1.11791610708
1.06382978723	0.02	-1.88021439067	185.132752562	1.07704086473	50.6209206425	-4.23939142336	-0.000275456797665	1.07704086473
