	T	rho	B2	P_virial	P_kappa	Sk0	kappa	mu	s2	Sk_max
0	1.08695652174	0.8	-1.73638164002	69813.3945082	0.869565217392	0.174093908219	0.200207994451	1.54081984798	-0.412923558062	2.08621626171
1	1.08695652174	0.79	-1.73638164002	-63339.9919557	0.809175215373	0.186298352354	0.216955043247	1.30697948422	-0.401148212727	2.05532264124
2	1.08695652174	0.78	-1.73638164002	-61150.6799608	0.75273913844	0.199342005685	0.235121340039	1.08881526174	-0.389652021246	2.02553774361
3	1.08695652174	0.77	-1.73638164002	-58298.5805286	0.699993493855	0.213278986546	0.254826841068	0.885254510151	-0.378426009759	1.99702006448
4	1.08695652174	0.76	-1.73638164002	-57728.0978598	0.650692028086	0.228165931877	0.276200864903	0.695298121061	-0.367461612074	1.97079373572
5	1.08695652174	0.75	-1.73638164002	-55971.2387475	0.60460454758	0.244061903159	0.299382601209	0.518015119946	-0.356750659717	1.94538181197
6	1.08695652174	0.74	-1.73638164002	-52350.0138971	0.561515828948	0.261028243005	0.324521599412	0.352537659694	-0.346285364104	1.92077165393
7	1.08695652174	0.73	-1.73638164002	-50525.8745827	0.521224611195	0.279128371588	0.351778221727	0.198056425361	-0.336058299468	1.89694686044
8	1.08695652174	0.72	-1.73638164002	-48315.9877259	0.483542662979	0.298427513163	0.381324044597	0.0538164129426	-0.326062386454	1.87388808999
9	1.08695652174	0.71	-1.73638164002	-47526.2172922	0.448293918529	0.318992340963	0.41334218829	-0.0808869451452	-0.316290876507	1.8515737467
10	1.08695652174	0.7	-1.73638164002	-45755.074639	0.415313676393	0.340890530054	0.448027553785	-0.206711346287	-0.306737336878	1.82998055009
11	1.08695652174	0.69	-1.73638164002	-43037.3273241	0.384447855795	0.364190205257	0.485586940342	-0.324270897296	-0.297395636385	1.80908400667
12	1.08695652174	0.68	-1.73638164002	-40782.5175065	0.355552305781	0.388959272752	0.526239016076	-0.43413913733	-0.288259931698	1.78885879806
13	1.08695652174	0.67	-1.73638164002	-39531.2671229	0.32849216287	0.415264623388	0.570214109727	-0.536851825704	-0.279324654422	1.76927909903
14	1.08695652174	0.66	-1.73638164002	-36259.7714685	0.303141253244	0.443171196666	0.617753789291	-0.632909515829	-0.270584498595	1.75031883631
15	1.08695652174	0.65	-1.73638164002	-35627.1226676	0.279381535874	0.472740894856	0.669110189643	-0.72277993213	-0.262034409023	1.7319518983
16	1.08695652174	0.64	-1.73638164002	-32477.3042005	0.257102583341	0.504031341985	0.724545054103	-0.806900173647	-0.253669569883	1.7141523031
17	1.08695652174	0.63	-1.73638164002	-29544.310122	0.236201097353	0.53709447966	0.784328446487	-0.885678750914	-0.245485394253	1.69689433278
18	1.08695652174	0.62	-1.73638164002	-29025.5214506	0.216580456214	0.571975002487	0.848737100465	-0.959497479242	-0.237477513951	1.6801526389
19	1.08695652174	0.61	-1.73638164002	-25372.0098111	0.198150291793	0.608708636282	0.918052369475	-1.02871323738	-0.229641769824	1.66390232487
20	1.08695652174	0.6	-1.73638164002	-23953.4649158	0.180826093656	0.647320267357	0.992557743281	-1.09365960087	-0.221974202992	1.64811900948
21	1.08695652174	0.59	-1.73638164002	-21896.1964437	0.164528838277	0.68782194559	1.07253591516	-1.15464836886	-0.214471045985	1.63296821678
22	1.08695652174	0.58	-1.73638164002	-19053.7509295	0.149184641414	0.730210781799	1.15826537803	-1.21197098602	-0.207128714828	1.61837128273
23	1.08695652174	0.57	-1.73638164002	-17531.875608	0.134724431837	0.774466777383	1.25001655297	-1.26589987411	-0.199943801431	1.60413514982
24	1.08695652174	0.56	-1.73638164002	-15865.8917076	0.12108364481	0.820550630407	1.34804746424	-1.31668968058	-0.192913066483	1.59024154285
25	1.08695652174	0.55	-1.73638164002	-12158.67759	0.108201933793	0.868401570272	1.45259899027	-1.3645784508	-0.186033432347	1.57667244955
26	1.08695652174	0.54	-1.73638164002	-10454.8654196	0.096022898995	0.917935284491	1.56388974395	-1.40978873151	-0.179301977309	1.5634101691
27	1.08695652174	0.53	-1.73638164002	-7538.19439506	0.0844938314952	0.969042012345	1.68211066294	-1.4525286146	-0.17271592907	1.55043735222
28	1.08695652174	0.52	-1.73638164002	-6735.26428066	0.0735654717776	1.02158487739	1.80741939846	-1.49299272261	-0.166272659554	1.53773703458
29	1.08695652174	0.51	-1.73638164002	-6861.07155754	0.0631917815954	1.07539854955	1.93993463841	-1.53136314651	-0.159969679227	1.52529266445
30	1.08695652174	0.5	-1.73638164002	-5622.7033537	0.0533297282059	1.13028831656	2.07973050247	-1.56781033728	-0.153804632579	1.51308812573
31	1.08695652174	0.49	-1.73638164002	-1228.67423885	0.0439390800722	1.18602965101	2.2268311815	-1.60249395737	-0.147775293129	1.50110775685
32	1.08695652174	0.48	-1.73638164002	942.197869672	0.0349822132304	1.24236835184	2.3812060077	-1.63556369599	-0.141879559867	1.48933636648
33	1.08695652174	0.47	-1.73638164002	2752.13903294	0.0264239276108	1.29902133694	2.54276517018	-1.66716005432	-0.136115452203	1.4777592462
34	1.08695652174	0.46	-1.73638164002	6039.60504527	0.0182312726656	1.35567813764	2.71135627528	-1.69741510076	-0.130481106961	1.46636218084
35	1.08695652174	0.45	-1.73638164002	2875.61583218	0.010373381709	1.41200314071	2.88676197656	-1.72645320134	-0.124974775056	1.45513145663
36	1.08695652174	0.44	-1.73638164002	7397.05535241	0.00282131449408	1.46763861542	3.06869892315	-1.75439173277	-0.119594816701	1.46763861542
37	1.08695652174	0.43	-1.73638164002	7798.12338708	-0.0044520924447	1.52220849363	3.25681817243	-1.78134177066	-0.114339701139	1.52220849363
38	1.08695652174	0.42	-1.73638164002	12363.1525365	-0.011472368054	1.57532292993	3.45070737032	-1.8074087718	-0.109208001645	1.57532292993
39	1.08695652174	0.41	-1.73638164002	11226.4855387	-0.0182635419434	1.6265835413	3.64989477559	-1.83269323849	-0.10419839541	1.6265835413
40	1.08695652174	0.4	-1.73638164002	13101.5418763	-0.0248482727692	1.67558929971	3.85385538934	-1.85729138262	-0.0993096584319	1.67558929971
41	1.08695652174	0.39	-1.73638164002	11922.0914557	-0.0312479700339	1.72194292974	4.06201921888	-1.88129578152	-0.0945406671681	1.72194292974
42	1.08695652174	0.38	-1.73638164002	15219.0680387	-0.0374829094877	1.76525772326	4.27378185632	-1.9047960417	-0.0898903942788	1.76525772326
43	1.08695652174	0.37	-1.73638164002	14367.0331119	-0.0435723422662	1.80516457482	4.48851732118	-1.92787946582	-0.0853579095452	1.80516457482
44	1.08695652174	0.36	-1.73638164002	14596.1780785	-0.0495345978636	1.84131910255	4.70559326207	-1.95063173991	-0.0809423776828	1.84131910255
45	1.08695652174	0.35	-1.73638164002	15030.3671536	-0.0553871810086	1.87340860894	4.9243883435	-1.97313763847	-0.0766430579271	1.87340860894
46	1.08695652174	0.34	-1.73638164002	16444.3654228	-0.0611468625075	1.90115869993	5.14431177627	-1.99548176384	-0.0724593041943	1.90115869993
47	1.08695652174	0.33	-1.73638164002	17687.8822951	-0.0668297640754	1.92433931591	5.36482475952	-2.01774932649	-0.0683905638639	1.92433931591
48	1.08695652174	0.32	-1.73638164002	19581.8068786	-0.0724514371851	1.94276996296	5.58546364352	-2.04002698137	-0.0644363791802	1.94276996296
49	1.08695652174	0.31	-1.73638164002	17285.5053526	-0.0780269359634	1.95632391077	5.80586450938	-2.06240373242	-0.0605963858775	1.95632391077
50	1.08695652174	0.3	-1.73638164002	15494.337664	-0.0835708841688	1.96493118986	6.02578898223	-2.08497192847	-0.0568703138519	1.96493118986
51	1.08695652174	0.29	-1.73638164002	18780.1102263	-0.0890975363118	1.96858019831	6.24515097394	-2.10782836615	-0.0532579861419	1.96858019831
52	1.08695652174	0.28	-1.73638164002	17700.3675802	-0.0946208330349	1.967317828	6.46404429201	-2.13107553034	-0.0497593207771	1.967317828
53	1.08695652174	0.27	-1.73638164002	17099.4388425	-0.100154450857	1.96124808057	6.68277123749	-2.15482300941	-0.046374327552	1.96124808057
54	1.08695652174	0.26	-1.73638164002	21115.6000037	-0.105711846471	1.9505291579	6.90187240489	-2.17918911879	-0.0431031086201	1.9505291579
55	1.08695652174	0.25	-1.73638164002	16743.4675523	-0.111306295846	1.93536914085	7.12215843831	-2.2043027893	-0.0399458571645	1.93536914085
56	1.08695652174	0.24	-1.73638164002	21073.8709813	-0.116950928398	1.91602046095	7.34474510031	-2.23030579622	-0.0369028536841	1.91602046095
57	1.08695652174	0.23	-1.73638164002	18187.0797955	-0.122658756563	1.89277330322	7.5710932129	-2.25735539548	-0.0339744662087	1.89277330322
58	1.08695652174	0.22	-1.73638164002	18515.3222876	-0.128442701156	1.86594833977	7.80305669358	-2.28562750924	-0.0311611445834	1.86594833977
59	1.08695652174	0.21	-1.73638164002	18332.6058929	-0.134315612899	1.83588899076	8.04294224525	-2.31532058639	-0.0284634179787	1.83588899076
60	1.08695652174	0.2	-1.73638164002	21087.1053804	-0.140290290539	1.8029536043	8.29358657977	-2.34666035899	-0.0258818905688	1.8029536043
61	1.08695652174	0.19	-1.73638164002	16432.0028896	-0.146379495995	1.76750781464	8.55845889195	-2.37990576064	-0.0234172367744	1.76750781464
62	1.08695652174	0.18	-1.73638164002	17284.9556087	-0.152595966861	1.72991741235	8.84180010759	-2.41535640771	-0.0210701943259	1.72991741235
63	1.08695652174	0.17	-1.73638164002	14300.3144323	-0.158952426686	1.69054182307	9.1488145719	-2.45336213918	-0.0188415615208	1.69054182307
64	1.08695652174	0.16	-1.73638164002	12037.0095719	-0.165461593373	1.64972851727	9.48593897429	-2.49433542705	-0.0167321885633	1.64972851727
65	1.08695652174	0.15	-1.73638164002	14390.4113052	-0.17213618589	1.60780833416	9.86122444949	-2.53876772851	-0.0147429724046	1.60780833416
66	1.08695652174	0.14	-1.73638164002	13459.8938413	-0.178988929565	1.56509180708	10.284889018	-2.58725143643	-0.0128748508081	1.56509180708
67	1.08695652174	0.13	-1.73638164002	8948.3782735	-0.186032560086	1.52186649297	10.7701321041	-2.64050993327	-0.0111287948207	1.52186649297
68	1.08695652174	0.12	-1.73638164002	8851.67186563	-0.193279826241	1.47839522603	11.3343633996	-2.69943964311	-0.00950580208607	1.47839522603
69	1.08695652174	0.11	-1.73638164002	7589.48771622	-0.2007434915	1.43491519466	12.0011089008	-2.76517036182	-0.00800689157376	1.43491519466
70	1.08695652174	0.1	-1.73638164002	7312.18315581	-0.208436334356	1.39163778243	12.8030675984	-2.83915438577	-0.00663309532222	1.39163778243
71	1.08695652174	0.09	-1.73638164002	4904.45473767	-0.216371147355	1.34874898864	13.7872118839	-2.92330268691	-0.00538545290396	1.34874898864
72	1.08695652174	0.08	-1.73638164002	3246.89345636	-0.224560734726	1.30641035359	15.0237190663	-3.020201584	-0.00426500393832	1.30641035359
73	1.08695652174	0.07	-1.73638164002	3364.96518374	-0.233017908462	1.26476023459	16.6225630832	-3.13347478253	-0.00327278184455	1.26476023459
74	1.08695652174	0.06	-1.73638164002	2190.01321544	-0.241755482765	1.22391533953	18.7667018728	-3.26842632153	-0.00240980732425	1.22391533953
75	1.08695652174	0.05	-1.73638164002	1374.32234824	-0.250786266685	1.18397242656	21.7850926488	-3.43327495946	-0.00167708111316	1.18397242656
76	1.08695652174	0.04	-1.73638164002	819.170437718	-0.260123054876	1.14501007204	26.335231657	-3.64178343974	-0.00107557778432	1.14501007204
77	1.08695652174	0.03	-1.73638164002	381.661232027	-0.269778616406	1.10709045553	33.9507739695	-3.91974319839	-0.000606239003593	1.10709045553
78	1.08695652174	0.02	-1.73638164002	173.949356675	-0.279765681584	1.07026110679	49.2320109125	-4.32504242775	-0.000269967137068	1.07026110679
