T	rho	B2	P_virial	Sk0	kappa	mu	s2	Sk_max
0.980392156863	0.8	-2.49858230572	69634.5809051	0.232446471657	0.296369251363	0.197866059574	-0.41914304761	2.1115572208
0.980392156863	0.79	-2.49858230572	-62546.1218823	0.251924069372	0.325269051594	0.0164404378111	-0.407437593796	2.08246967452
0.980392156863	0.78	-2.49858230572	-61136.7223783	0.273149186497	0.357195090034	-0.151531880669	-0.396009743614	2.05443865644
0.980392156863	0.77	-2.49858230572	-59054.2443786	0.296289724725	0.392487687298	-0.307017844938	-0.384850466725	2.02743752501
0.980392156863	0.76	-2.49858230572	-57603.4889361	0.321529987238	0.431527088135	-0.450916944536	-0.373951142658	2.00143639923
0.980392156863	0.75	-2.49858230572	-54754.2635002	0.349072094034	0.474738047886	-0.584066201491	-0.363303549965	1.97640305865
0.980392156863	0.74	-2.49858230572	-53917.3329677	0.379137454684	0.52259486997	-0.707244770546	-0.352899847469	1.95230367087
0.980392156863	0.73	-2.49858230572	-50927.8479161	0.411968277054	0.575626907664	-0.821178160633	-0.342732556241	1.92910337677
0.980392156863	0.72	-2.49858230572	-49613.6238917	0.447829082936	0.634424534159	-0.926542102621	-0.332794542312	1.90676675791
0.980392156863	0.71	-2.49858230572	-47591.707168	0.487008197915	0.699645580103	-1.02396610343	-0.323079000183	1.88525820539
0.980392156863	0.7	-2.49858230572	-46786.8329155	0.52981916702	0.7720222148	-1.11403670572	-0.313579437016	1.86454220808
0.980392156863	0.69	-2.49858230572	-44901.3904369	0.576602041669	0.852368235511	-1.19730048528	-0.304289657517	1.84507356985
0.980392156863	0.68	-2.49858230572	-40957.3832745	0.627724466296	0.941586699445	-1.27426680444	-0.295203749492	1.82643696222
0.980392156863	0.67	-2.49858230572	-40677.5568313	0.683582482602	1.04067780933	-1.34541034478	-0.286316070533	1.80841346843
0.980392156863	0.66	-2.49858230572	-38067.5722093	0.744600959136	1.15074693685	-1.41117344128	-0.27762123467	1.79097831237
0.980392156863	0.65	-2.49858230572	-35592.1404187	0.811233532452	1.27301262016	-1.47196822796	-0.269114100559	1.77410647539
0.980392156863	0.64	-2.49858230572	-33031.9150372	0.88396195198	1.40881436097	-1.52817862003	-0.260789759883	1.75777285054
0.980392156863	0.63	-2.49858230572	-30625.121257	0.963294704851	1.55961999833	-1.58016214211	-0.252643526743	1.74195236654
0.980392156863	0.62	-2.49858230572	-27795.2479928	1.04976480813	1.72703242628	-1.62825161921	-0.244670927631	1.72662008718
0.980392156863	0.61	-2.49858230572	-27797.4711599	1.14392666645	1.91279540948	-1.6727567423	-0.236867692354	1.71175129164
0.980392156863	0.6	-2.49858230572	-23489.4329757	1.24635192899	2.11879827927	-1.71396552386	-0.229229745303	1.69732154026
0.980392156863	0.59	-2.49858230572	-21798.7839196	1.35762430461	2.34707930627	-1.7521456496	-0.221753198146	1.68330672952
0.980392156863	0.58	-2.49858230572	-18952.5068731	1.47833339439	2.59982769358	-1.78754574601	-0.214434342407	1.66968313942
0.980392156863	0.57	-2.49858230572	-17838.8401656	1.60906763875	2.87938419566	-1.82039656596	-0.207269643196	1.65642747597
0.980392156863	0.56	-2.49858230572	-16169.9009736	1.75040662638	3.18824064091	-1.85091210863	-0.200255733916	1.75040662638
0.980392156863	0.55	-2.49858230572	-16317.4902243	1.90291309768	3.52903883571	-1.87929067896	-0.193389410193	1.90291309768
0.980392156863	0.54	-2.49858230572	-14365.6299584	2.06712514763	3.90456972331	-1.90571589828	-0.186667626255	2.06712514763
0.980392156863	0.53	-2.49858230572	-9707.72075042	2.2435492429	4.31777401464	-1.93035767063	-0.18008749029	2.2435492429
0.980392156863	0.52	-2.49858230572	-7661.8127793	2.43265484725	4.77174604653	-1.95337311338	-0.173646260984	2.43265484725
0.980392156863	0.51	-2.49858230572	-6588.10215723	2.63487159804	5.26974319608	-1.97490745812	-0.167341343456	2.63487159804
0.980392156863	0.5	-2.49858230572	-8434.67283324	2.85059008725	5.815203778	-1.99509492325	-0.161170287407	2.85059008725
0.980392156863	0.49	-2.49858230572	-3466.29861397	3.08016753677	6.41177732143	-2.01405956495	-0.155130782597	3.08016753677
0.980392156863	0.48	-2.49858230572	135.134847739	3.32393976222	7.06337199472	-2.03191610335	-0.149220658405	3.32393976222
0.980392156863	0.47	-2.49858230572	5868.90340936	3.58224134407	7.77422589564	-2.04877073243	-0.143437879208	3.58224134407
0.980392156863	0.46	-2.49858230572	13089.3378947	3.8554362782	8.54901087776	-2.06472190618	-0.137780544905	3.8554362782
0.980392156863	0.45	-2.49858230572	22027.4515071	4.14396262044	9.39298193967	-2.07986110536	-0.132246888193	4.14396262044
0.980392156863	0.44	-2.49858230572	37818.4189183	4.44839647504	10.3121918285	-2.09427358232	-0.126835273846	4.44839647504
0.980392156863	0.43	-2.49858230572	35352.56994	4.76954415718	11.3138024194	-2.10803907931	-0.121544205325	4.76954415718
0.980392156863	0.42	-2.49858230572	47048.6573929	5.10857895867	12.4065488996	-2.12123253413	-0.116372316414	5.10857895867
0.980392156863	0.41	-2.49858230572	58217.7727765	5.46725087451	13.6014533951	-2.13392474475	-0.111318409665	5.46725087451
0.980392156863	0.4	-2.49858230572	30676.6908395	5.84822851484	14.9129827128	-2.14618300393	-0.10638144749	5.84822851484
0.980392156863	0.39	-2.49858230572	55105.0089345	6.2556981477	16.361056694	-2.15807174018	-0.101560612896	6.2556981477
0.980392156863	0.38	-2.49858230572	33365.8829261	6.69650105414	17.974818619	-2.16965301836	-0.0968554061894	6.69650105414
0.980392156863	0.37	-2.49858230572	61937.9431047	7.18257411324	19.8006097176	-2.18098704193	-0.0922658209199	7.18257411324
0.980392156863	0.36	-2.49858230572	58081.9703234	7.7370393788	21.9216115733	-2.19213224437	-0.0877928749187	7.7370393788
0.980392156863	0.35	-2.49858230572	55562.4836267	8.41367507087	24.5198530637	-2.20314433549	-0.0834401667288	8.41367507087
0.980392156863	0.34	-2.49858230572	35467.2551535	9.39811114654	28.1943334396	-2.21406766932	-0.0792218257822	9.39811114654
