	T	rho	B2	P_virial	P_kappa	Sk0	kappa	mu	s2	Sk_max
0	1.06382978723	0.01	-1.88021439067	62.9325780239	0.0104382750648	1.03774002144	97.5475620154	-4.93828417256	-6.89916710127e-05	1.03774002144
1	1.06382978723	0.02	-1.88021439067	257.453384107	0.0205026493558	1.077040865	50.6209206551	-4.23939142361	-0.000275456791778	1.077040865
2	1.06382978723	0.03	-1.88021439067	521.051698543	0.0301994120344	1.11791610733	35.0280380297	-3.84585599124	-0.000618578022141	1.11791610733
3	1.06382978723	0.04	-1.88021439067	885.011663124	0.0395415198112	1.16036909378	27.2686737039	-3.57691717612	-0.0010974723391	1.16036909378
4	1.06382978723	0.05	-1.88021439067	1410.39595409	0.0485419984774	1.20439087197	22.642548393	-3.37591615168	-0.00171119691383	1.20439087197
5	1.06382978723	0.06	-1.88021439067	2137.33930683	0.0572139251067	1.24995785605	19.5826730781	-3.21760814761	-0.00245875538675	1.24995785605
6	1.06382978723	0.07	-1.88021439067	3265.12207381	0.0655704124835	1.29702921951	17.4172495191	-3.08852137862	-0.0033391043883	1.29702921951
7	1.06382978723	0.08	-1.88021439067	3025.10657053	0.0736245958346	1.3455440266	15.8101423125	-2.9806103177	-0.00435116048178	1.3455440266
8	1.06382978723	0.09	-1.88021439067	4237.36964589	0.0813896218455	1.39541813983	14.5743672382	-2.88868237911	-0.00549380665758	1.39541813983
9	1.06382978723	0.1	-1.88021439067	6430.36412316	0.0888786398868	1.44654094308	13.597484865	-2.80918980211	-0.00676589964731	1.44654094308
10	1.06382978723	0.11	-1.88021439067	7281.51593729	0.0961047953106	1.49877197722	12.8076878054	-2.73960038826	-0.00816627709093	1.49877197722
11	1.06382978723	0.12	-1.88021439067	7886.84117972	0.103081224602	1.55193759742	12.1568445131	-2.67804316673	-0.0096937642157	1.55193759742
12	1.06382978723	0.13	-1.88021439067	8678.87046188	0.109821052152	1.60582780796	11.6113703037	-2.62309634323	-0.0113471812319	1.60582780796
13	1.06382978723	0.14	-1.88021439067	13450.984991	0.116337388392	1.66019346453	11.1470132618	-2.57365402201	-0.0131253504398	1.66019346453
14	1.06382978723	0.15	-1.88021439067	15075.198387	0.122643329066	1.7147440674	10.745729489	-2.52883898441	-0.01502710476	1.7147440674
15	1.06382978723	0.16	-1.88021439067	13314.3834817	0.128751955358	1.76914643355	10.3937352971	-2.48794364548	-0.0170512940845	1.76914643355
16	1.06382978723	0.17	-1.88021439067	16087.6899615	0.134676334692	1.8230245025	10.0802531315	-2.45038890476	-0.0191967934589	1.8230245025
17	1.06382978723	0.18	-1.88021439067	19742.8112517	0.140429522073	1.87596055658	9.79668290657	-2.41569473745	-0.0214625122404	1.87596055658
18	1.06382978723	0.19	-1.88021439067	19548.2257124	0.146024561922	1.92749814703	9.53604346426	-2.38345871452	-0.0238474018964	1.92749814703
19	1.06382978723	0.2	-1.88021439067	24805.9127607	0.151474490383	1.97714691995	9.29259052378	-2.35333999965	-0.0263504634268	1.97714691995
20	1.06382978723	0.21	-1.88021439067	25884.8668718	0.156792338305	2.02438943161	9.06155269387	-2.3250472066	-0.028970758012	2.02438943161
21	1.06382978723	0.22	-1.88021439067	25888.8270454	0.161991135122	2.06869002556	8.83894829104	-2.2983290477	-0.0317074133285	2.06869002556
22	1.06382978723	0.23	-1.88021439067	28109.6705152	0.167083914007	2.10950557127	8.62145755216	-2.27296701206	-0.0345596317925	2.10950557127
23	1.06382978723	0.24	-1.88021439067	30995.1495928	0.17208371881	2.14629778503	8.40633299137	-2.24876955504	-0.0375266991956	2.14629778503
24	1.06382978723	0.25	-1.88021439067	29133.668006	0.177003613366	2.17854669779	8.1913355837	-2.22556742798	-0.0406079909797	2.17854669779
25	1.06382978723	0.26	-1.88021439067	35127.6522761	0.1818566938	2.20576468155	7.97468769484	-2.20320987678	-0.0438029763672	2.20576468155
26	1.06382978723	0.27	-1.88021439067	41826.3132382	0.186656104557	2.22751030722	7.75503588441	-2.18156150329	-0.0471112272583	2.22751030722
27	1.06382978723	0.28	-1.88021439067	39093.3181185	0.191415058865	2.24340140263	7.53141899454	-2.16049965577	-0.0505324182684	2.24340140263
28	1.06382978723	0.29	-1.88021439067	42509.3974691	0.196146864254	2.25312656542	7.30323783273	-2.13991222738	-0.0540663299291	2.25312656542
29	1.06382978723	0.3	-1.88021439067	38533.2875649	0.200864953793	2.25645451747	7.07022415475	-2.11969577828	-0.0577128536204	2.25645451747
30	1.06382978723	0.31	-1.88021439067	44565.0143178	0.205582923509	2.25324092966	6.83240798027	-2.09975392693	-0.0614719881693	2.25324092966
31	1.06382978723	0.32	-1.88021439067	47365.1668014	0.210314576416	2.24343230495	6.5900823958	-2.07999594099	-0.0653438438287	2.24343230495
32	1.06382978723	0.33	-1.88021439067	52224.9421544	0.215073973424	2.22706697011	6.34376652093	-2.06033550939	-0.0693286380889	2.22706697011
33	1.06382978723	0.34	-1.88021439067	48686.0269584	0.219875491288	2.20427314168	6.09416692111	-2.04068964379	-0.0734266973549	2.20427314168
34	1.06382978723	0.35	-1.88021439067	51418.2506035	0.224733887641	2.1752644086	5.84213869738	-2.02097769857	-0.0776384522127	2.1752644086
35	1.06382978723	0.36	-1.88021439067	57181.3897362	0.229664373116	2.14033289316	5.5886469988	-2.00112047189	-0.0819644397407	2.14033289316
36	1.06382978723	0.37	-1.88021439067	53539.2504736	0.23468269047	2.0998406088	5.33473019533	-1.98103938245	-0.0864053002476	2.0998406088
37	1.06382978723	0.38	-1.88021439067	53484.126968	0.239805200541	2.05420947285	5.08146553811	-1.96065570452	-0.0909617748475	2.05420947285
38	1.06382978723	0.39	-1.88021439067	55695.8923954	0.245048974928	2.00391037783	4.82993783375	-1.93988983793	-0.0956347062045	2.00391037783
39	1.06382978723	0.4	-1.88021439067	54634.2237933	0.25043189526	1.94945184688	4.58121184018	-1.9186606145	-0.100425038056	1.94945184688
40	1.06382978723	0.41	-1.88021439067	52605.9511202	0.255972758928	1.89136863639	4.33630858099	-1.89688462632	-0.105333814071	1.89136863639
41	1.06382978723	0.42	-1.88021439067	55778.2893167	0.261691391174	1.83021062128	4.0961856762	-1.87447556657	-0.110362177776	1.83021062128
42	1.06382978723	0.43	-1.88021439067	55122.7543663	0.267608763549	1.76653225464	3.86172167294	-1.85134357646	-0.115511376064	1.76653225464
43	1.06382978723	0.44	-1.88021439067	52324.6134718	0.273747118721	1.70088285143	3.63370427351	-1.82739459731	-0.120782756823	1.70088285143
44	1.06382978723	0.45	-1.88021439067	56342.8284218	0.280130101689	1.63379783927	3.41282215314	-1.80252971688	-0.12617777174	1.63379783927
45	1.06382978723	0.46	-1.88021439067	53625.7193922	0.286782897584	1.56579110208	3.19966007816	-1.77664450572	-0.131697980632	1.56579110208
46	1.06382978723	0.47	-1.88021439067	55254.2758549	0.293732376203	1.49734853486	2.99469706971	-1.74962834871	-0.137345049712	1.49734853486
47	1.06382978723	0.48	-1.88021439067	53097.1808485	0.301007243552	1.4289227817	2.79830711417	-1.72136375421	-0.143120757996	1.49915394541
48	1.06382978723	0.49	-1.88021439067	53416.9898776	0.308638200734	1.36092922011	2.61076217736	-1.69172565192	-0.14902699727	1.51080208651
49	1.06382978723	0.5	-1.88021439067	54407.7665712	0.316658110556	1.29374311112	2.4322370489	-1.66058066514	-0.155065777762	1.52264747322
50	1.06382978723	0.51	-1.88021439067	53984.562692	0.325102172354	1.22769788234	2.26281570471	-1.62778636177	-0.161239230682	1.53470567688
51	1.06382978723	0.52	-1.88021439067	54602.1994701	0.334008105548	1.16308444641	2.10249880697	-1.59319047793	-0.167549611977	1.54699272144
52	1.06382978723	0.53	-1.88021439067	54022.201587	0.343416342582	1.10015144631	1.95121199912	-1.55663010986	-0.173999307129	1.55952506529
53	1.06382978723	0.54	-1.88021439067	54753.241038	0.353370231931	1.03910631586	1.80881469798	-1.51793087333	-0.180590834999	1.57231957972
54	1.06382978723	0.55	-1.88021439067	53461.8599549	0.363916251983	0.980117016429	1.67510908262	-1.4769060229	-0.187326853491	1.58539352348
55	1.06382978723	0.56	-1.88021439067	53878.3588211	0.375104236676	0.923314326302	1.54984904772	-1.43335553053	-0.194210163465	1.59877340942
56	1.06382978723	0.57	-1.88021439067	53687.1027706	0.386987613852	0.868794541385	1.43274889281	-1.38706511394	-0.20124371551	1.61274587474
57	1.06382978723	0.58	-1.88021439067	54587.1924426	0.399623657411	0.816622470655	1.32349159037	-1.33780521374	-0.208430614938	1.62708513429
58	1.06382978723	0.59	-1.88021439067	55136.4054188	0.413073754433	0.766834603248	1.22173648653	-1.28532990968	-0.215774128476	1.64181333431
59	1.06382978723	0.6	-1.88021439067	54743.93041	0.427403688547	0.719442348554	1.12712634607	-1.22937577168	-0.223277690789	1.65695322535
60	1.06382978723	0.61	-1.88021439067	53708.1238605	0.442683940931	0.674435257613	1.03929367567	-1.16966063748	-0.230944911404	1.67252814296
61	1.06382978723	0.62	-1.88021439067	55103.117821	0.458990010452	0.631784153024	0.95786629652	-1.10588230919	-0.238779582089	1.68856198105
62	1.06382978723	0.63	-1.88021439067	53396.9142897	0.476402754615	0.591444107567	0.882472160497	-1.03771715866	-0.246785686097	1.70507915572
63	1.06382978723	0.64	-1.88021439067	54335.6435452	0.495008753047	0.553357232051	0.812743434575	-0.964818637473	-0.254967404556	1.7221045569
64	1.06382978723	0.65	-1.88021439067	54963.572757	0.514900695493	0.517455235757	0.748319879402	-0.886815673232	-0.263329127662	1.73966348523
65	1.06382978723	0.66	-1.88021439067	55875.6997389	0.536177796395	0.483661748057	0.688851580565	-0.803310949602	-0.271875462891	1.75778157009
66	1.06382978723	0.67	-1.88021439067	57221.0388962	0.558946238335	0.451894389185	0.634001083334	-0.713879052436	-0.280611245597	1.77648466501
67	1.06382978723	0.68	-1.88021439067	56770.9292243	0.583319646831	0.422066592608	0.583444995664	-0.618064471109	-0.289541549905	1.79579871516
68	1.06382978723	0.69	-1.88021439067	59042.3396515	0.609419599165	0.394089186708	0.53687512392	-0.515379442194	-0.298671698992	1.81574959106
69	1.06382978723	0.7	-1.88021439067	57973.8535976	0.637376170233	0.367871746222	0.49399920207	-0.405301614519	-0.308007278803	1.83636288184
70	1.06382978723	0.71	-1.88021439067	59976.9880991	0.667328518611	0.343323732723	0.454541279943	-0.287271528144	-0.317554148091	1.85766363932
71	1.06382978723	0.72	-1.88021439067	61197.9904066	0.699425516396	0.32035543803	0.418241821873	-0.160689875764	-0.327318453948	1.87967606426
72	1.06382978723	0.73	-1.88021439067	61786.4355136	0.733826426717	0.298878753646	0.384857573188	-0.0249145382171	-0.337306644045	1.9024231228
73	1.06382978723	0.74	-1.88021439067	62068.4902407	0.770701633145	0.278807783176	0.354161238088	0.120742636909	-0.347525481439	1.92592608083
74	1.06382978723	0.75	-1.88021439067	64099.1640404	0.810233425739	0.260059317904	0.325941011773	0.277019335096	-0.357982059498	1.95020394095
75	1.06382978723	0.76	-1.88021439067	64552.9065422	0.852616848872	0.24255319331	0.300000002252	0.444706583173	-0.368683818469	1.97527276514
76	1.06382978723	0.77	-1.88021439067	65378.1222269	0.898060616549	0.226212544311	0.276155573575	0.624652891182	-0.379638560821	2.00262026665
77	1.06382978723	0.78	-1.88021439067	67017.5531512	0.946788101449	0.210963973896	0.254238635208	0.817768767534	-0.390854469187	2.03101339472
78	1.06382978723	0.79	-1.88021439067	67914.2171516	0.999038404648	0.196737649982	0.234092899978	1.02503163936	-0.40234012447	2.06047444088
