#Q (e/nm^2) 	  eps/kT 	 cs_wt_perc 	 B2
0.005 2.0 0.770260129185 9.70104985513e-08
0.005 2.1 0.577471653789 1.43970912413e-07
0.005 2.2 0.447528037724 -3.16929266066e-07
0.005 2.3 0.354944994386 -4.21717688193e-07
0.005 2.4 0.286371982776 -8.03074878531e-07
0.005 2.5 0.234109240893 -1.32946355906e-06
0.005 2.6 0.19339131243 -2.09708939257e-06
0.005 2.7 0.161106094794 -2.00916333037e-06
0.005 2.8 0.135133750761 -3.09716112561e-06
0.005 2.9 0.113979741704 -4.77058226447e-06
0.005 3.0 0.09655834531 -7.36065154634e-06
0.005 3.1 0.0820574652728 -1.14000368039e-05
0.005 3.2 0.0698491836226 -1.7774948847e-05
0.005 3.3 0.0594268397112 -1.73333482804e-05
0.005 3.4 0.0503596140293 -2.79431964872e-05
0.005 3.5 0.042266131965 -4.68169893793e-05
0.005 3.6 0.0348245435641 -5.17558400283e-05
0.005 3.7 0.027843428866 -0.000102248918902
0.005 3.8 0.0213627777357 -0.000141726309306
0.005 3.9 0.0156394337379 -0.000361777870401
0.005 4.0 0.0109394763596 -0.000632957184701
0.01 2.0 3.43517847935 1.81362608871e-08
0.01 2.1 2.68312373751 3.92660903963e-08
0.01 2.2 2.16795030533 5.3801473293e-08
0.01 2.3 1.7945593347 7.49350547023e-08
0.01 2.4 1.51290429542 1.05591091956e-07
0.01 2.5 1.29401721321 1.4999249171e-07
0.01 2.6 1.11991100848 2.14140644782e-07
0.01 2.7 0.978799879473 3.06402767551e-07
0.01 2.8 0.862625850679 4.37903476668e-07
0.01 2.9 0.765683661195 3.83806865242e-07
0.01 3.0 0.683808016021 5.30852020153e-07
0.01 3.1 0.613864721873 6.8189166832e-07
0.01 3.2 0.553410737093 1.11279759405e-06
0.01 3.3 0.500447858365 1.20809007114e-06
0.01 3.4 0.453227773161 -1.18949688695e-06
0.01 3.5 0.41009864393 -2.10534150336e-06
0.01 3.6 0.369442004513 -1.85090029207e-06
0.01 3.7 0.329836573731 -2.58955918814e-06
0.01 3.8 0.29056416431 -3.89210359658e-06
0.01 3.9 0.252139111123 -6.57958660122e-06
0.01 4.0 0.216071788586 -7.78542220587e-06
0.02 2.0 14.0120551761 5.44714621395e-09
0.02 2.1 11.2530000776 7.38854068818e-09
0.02 2.2 9.33643570106 1.02638093368e-08
0.02 2.3 7.92723592252 1.44967422647e-08
0.02 2.4 6.84862082207 2.07192236589e-08
0.02 2.5 5.99802757971 2.98745259299e-08
0.02 2.6 5.31159470388 4.34232425797e-08
0.02 2.7 4.74732795977 3.93486166784e-08
0.02 2.8 4.27638764886 5.80942906123e-08
0.02 2.9 3.87825207334 8.58020371584e-08
0.02 3.0 3.53787018135 7.78525391598e-08
0.02 3.1 3.24389356431 1.14030747526e-07
0.02 3.2 2.98751612375 1.04631520038e-07
0.02 3.3 2.76165775949 1.59317226785e-07
0.02 3.4 2.5603335794 1.51746054743e-07
0.02 3.5 2.37811302072 2.28489043703e-07
0.02 3.6 2.20964970189 2.00297242309e-07
0.02 3.7 2.04942481372 2.66498290253e-07
0.02 3.8 1.89213528119 3.70017544001e-07
0.02 3.9 1.7342362934 3.84059960218e-07
0.02 4.0 1.57606642676 5.92349847058e-07
