#Q (e/nm^2) 	  eps/kT 	 cs_wt_perc 	 B2
0.005 2.0 0.339661607454 -4.55282050385e-07
0.005 2.1 0.290611430663 -7.13656002923e-07
0.005 2.2 0.24965553618 -1.04615447688e-06
0.005 2.3 0.21509945902 -1.49467415665e-06
0.005 2.4 0.185710814988 -2.12160042358e-06
0.005 2.5 0.16056485451 -3.02006887832e-06
0.005 2.6 0.138948505461 -2.67627569177e-06
0.005 2.7 0.120298922936 -3.87280836188e-06
0.005 2.8 0.104162967357 -5.66096178259e-06
0.005 2.9 0.0901699501907 -8.36210104184e-06
0.005 3.0 0.0780127681144 -1.24859371202e-05
0.005 3.1 0.0674345363552 -1.88492153203e-05
0.005 3.2 0.0582188398326 -1.77832967516e-05
0.005 3.3 0.0501824672672 -2.74543176535e-05
0.005 3.4 0.0431697126229 -4.28694215272e-05
0.005 3.5 0.0370479199803 -4.18474053893e-05
0.005 3.6 0.031703857225 -6.68591950247e-05
0.005 3.7 0.0270406244602 -0.000108048814517
0.005 3.8 0.0229751144332 -0.000176597877814
0.005 3.9 0.0194357944941 -0.000180366608056
0.005 4.0 0.0163608587397 -0.000301250702301
0.01 2.0 1.51516674366 1.11297637416e-07
0.01 2.1 1.35306154633 1.00618609447e-07
0.01 2.2 1.21476534409 1.47549855131e-07
0.01 2.3 1.09528211542 2.1660169092e-07
0.01 2.4 0.99100384265 1.9643351248e-07
0.01 2.5 0.899251519745 2.87592026743e-07
0.01 2.6 0.817986107461 4.18901704638e-07
0.01 2.7 0.745620296108 3.73089271268e-07
0.01 2.8 0.680892605712 5.25359425206e-07
0.01 2.9 0.622781412229 7.01403062974e-07
0.01 3.0 0.570445083488 8.15824236895e-07
0.01 3.1 0.523179765152 9.05796179168e-07
0.01 3.2 0.480389248861 -1.02822794877e-06
0.01 3.3 0.441563033713 -1.59399655101e-06
0.01 3.4 0.406260503608 -2.21276450204e-06
0.01 3.5 0.374098907354 -2.635395642e-06
0.01 3.6 0.344744349642 -2.95030233911e-06
0.01 3.7 0.317904756296 -3.21447522363e-06
0.01 3.8 0.293324250454 -3.46683417944e-06
0.01 3.9 0.270778507788 -3.73616708019e-06
0.01 4.0 0.250070802299 -6.54681266137e-06
0.02 2.0 5.43989281956 2.11273001477e-08
0.02 2.1 4.99441195717 3.15392269473e-08
0.02 2.2 4.61151489867 2.92170453713e-08
0.02 2.3 4.27769323461 4.39326787049e-08
0.02 2.4 3.9831742155 4.0927290496e-08
0.02 2.5 3.72070956031 6.1802534744e-08
0.02 2.6 3.48480922761 5.77479645763e-08
0.02 2.7 3.27123915991 8.73755124589e-08
0.02 2.8 3.076682103 8.17631579363e-08
0.02 2.9 2.89850218872 1.2394228424e-07
0.02 3.0 2.73457790099 1.1634723176e-07
0.02 3.1 2.58318091191 1.77119209797e-07
0.02 3.2 2.44288687242 1.66754448839e-07
0.02 3.3 2.31250853939 1.56442220882e-07
0.02 3.4 2.1910452458 2.3534593134e-07
0.02 3.5 2.07764432027 2.16268677585e-07
0.02 3.6 1.9715713874 3.19668599144e-07
0.02 3.7 1.87218762036 2.95136168513e-07
0.02 3.8 1.77893209878 2.80111441829e-07
0.02 3.9 1.69130832203 4.40552361898e-07
0.02 4.0 1.60887385935 4.24048857427e-07
