#Q (e/nm^2) 	  eps/kT 	 cs_wt_perc 	 B2
0.005 2.0 1.03706553896 2.18571388663e-07
0.005 2.10526315789 0.797659582253 3.71663736948e-07
0.005 2.21052631579 0.619187564314 4.63381114016e-07
0.005 2.31578947368 0.484437654264 -8.19225980715e-07
0.005 2.42105263158 0.381581628946 -1.12300067778e-06
0.005 2.52631578947 0.302304848427 -2.38971160518e-06
0.005 2.63157894737 0.240660495384 -2.54515717749e-06
0.005 2.73684210526 0.192336766125 -4.0933855789e-06
0.005 2.84210526316 0.154171602999 -6.4357404348e-06
0.005 2.94736842105 0.123823077151 -6.23420306134e-06
0.005 3.05263157895 0.0995410342089 -9.83046687244e-06
0.005 3.15789473684 0.080006450308 -1.56657037637e-05
0.005 3.26315789474 0.0642172049462 -2.52888859995e-05
0.005 3.36842105263 0.0514059608767 -2.55910239551e-05
0.005 3.47368421053 0.0409806957734 -4.25319180823e-05
0.005 3.57894736842 0.0324811452781 -4.43607156758e-05
0.005 3.68421052632 0.0255468571701 -7.60249651916e-05
0.005 3.78947368421 0.019893356361 -8.17599697646e-05
0.005 3.89473684211 0.0152944664924 -8.9236247579e-05
0.005 4.0 0.011568937405 -0.000159807948732
0.01 2.0 5.77341317639 4.81734280626e-08
0.01 2.10526315789 4.63239654943 6.59294226236e-08
0.01 2.21052631579 3.76295569033 9.09320074427e-08
0.01 2.31578947368 3.09089997872 2.0436745331e-07
0.01 2.42105263158 2.56483530149 2.85713999286e-07
0.01 2.52631578947 2.14830447468 4.01790834126e-07
0.01 2.63157894737 1.81496840739 5.67979051785e-07
0.01 2.73684210526 1.54551823723 8.06612204356e-07
0.01 2.84210526316 1.32562581643 1.15049427222e-06
0.01 2.94736842105 1.14454584406 1.01916944375e-06
0.01 3.05263157895 0.994142400159 1.47030233663e-06
0.01 3.15789473684 0.868200224327 2.13624707228e-06
0.01 3.26315789474 0.76193109672 3.10135034295e-06
0.01 3.36842105263 0.671616367355 4.35455108383e-06
0.01 3.47368421053 0.594345611301 5.36361990793e-06
0.01 3.57894736842 0.527823884659 5.94496297958e-06
0.01 3.68421052632 0.470228414333 -5.88447946947e-06
0.01 3.78947368421 0.42010098693 -9.23139486599e-06
0.01 3.89473684211 0.376266881506 -1.39506614602e-05
0.01 4.0 0.33777284879 -1.13628086357e-05
0.02 2.10526315789 21.8151121595 1.86916281497e-08
0.02 2.21052631579 18.0262431733 2.58355306108e-08
0.02 2.31578947368 15.0719085047 3.59704799241e-08
0.02 2.42105263158 12.7383686238 5.04211537869e-08
0.02 2.52631578947 10.8733979612 7.11238201609e-08
0.02 2.63157894737 9.36653632999 1.00912534823e-07
0.02 2.73684210526 8.13642516176 1.43940448236e-07
0.02 2.84210526316 7.12239196369 2.06302455916e-07
0.02 2.94736842105 6.27870023557 2.96916596046e-07
0.02 3.05263157895 5.57053593861 4.2856454466e-07
0.02 3.15789473684 4.97115959534 3.82521857057e-07
0.02 3.26315789474 4.4598588348 5.51951028371e-07
0.02 3.36842105263 4.02046037373 7.98354847115e-07
0.02 3.47368421053 3.64023798697 1.16324280426e-06
0.02 3.57894736842 3.30910398425 1.04276322595e-06
0.02 3.68421052632 3.01900530159 1.43675961027e-06
0.02 3.78947368421 2.76346868505 1.73873782661e-06
0.02 3.89473684211 2.53725512145 1.75161042074e-06
0.02 4.0 2.33609524074 3.15168012999e-06
